%time,field.seq,field.stamp,field.frame_id
1481431640223476886,25801,1468242486681000000,/camera
1481431640261755943,25802,1468242486715000000,/camera
1481431640291398048,25803,1468242486748000000,/camera
1481431640321876049,25804,1468242486781000000,/camera
1481431640360848903,25805,1468242486815000000,/camera
1481431640391999959,25806,1468242486848000000,/camera
1481431640426908969,25807,1468242486881000000,/camera
1481431640460450887,25808,1468242486915000000,/camera
1481431640492499113,25809,1468242486948000000,/camera
1481431640524007081,25810,1468242486981000000,/camera
1481431640557332992,25811,1468242487015000000,/camera
1481431640592890977,25812,1468242487048000000,/camera
1481431640624671936,25813,1468242487081000000,/camera
1481431640656774997,25814,1468242487115000000,/camera
1481431640692540884,25815,1468242487148000000,/camera
1481431640725856065,25816,1468242487181000000,/camera
1481431640761667013,25817,1468242487215000000,/camera
1481431640792678117,25818,1468242487248000000,/camera
1481431640824712991,25819,1468242487281000000,/camera
1481431640859272956,25820,1468242487314000000,/camera
1481431640890738964,25821,1468242487348000000,/camera
1481431640923060894,25822,1468242487381000000,/camera
1481431640957099914,25823,1468242487414000000,/camera
1481431640990447044,25824,1468242487448000000,/camera
1481431641028486013,25825,1468242487481000000,/camera
1481431641059783935,25826,1468242487514000000,/camera
1481431641092895984,25827,1468242487548000000,/camera
1481431641123012065,25828,1468242487581000000,/camera
1481431641155682086,25829,1468242487614000000,/camera
1481431641191344022,25830,1468242487648000000,/camera
1481431641222608089,25831,1468242487681000000,/camera
1481431641257538080,25832,1468242487714000000,/camera
1481431641289779901,25833,1468242487748000000,/camera
1481431641320950031,25834,1468242487781000000,/camera
1481431641355406045,25835,1468242487814000000,/camera
1481431641388475894,25836,1468242487848000000,/camera
1481431641421726942,25837,1468242487881000000,/camera
1481431641455820083,25838,1468242487914000000,/camera
1481431641488403081,25839,1468242487948000000,/camera
1481431641522283077,25840,1468242487981000000,/camera
1481431641554447889,25841,1468242488014000000,/camera
1481431641588304042,25842,1468242488048000000,/camera
1481431641624953985,25843,1468242488081000000,/camera
1481431641655391931,25844,1468242488114000000,/camera
1481431641697805881,25845,1468242488147000000,/camera
1481431641722997903,25846,1468242488181000000,/camera
1481431641763895988,25847,1468242488214000000,/camera
1481431641790390014,25848,1468242488247000000,/camera
1481431641822047948,25849,1468242488281000000,/camera
1481431641855211973,25850,1468242488314000000,/camera
1481431641888597011,25851,1468242488347000000,/camera
1481431641927413940,25852,1468242488381000000,/camera
1481431641956140041,25853,1468242488414000000,/camera
1481431641994405984,25854,1468242488447000000,/camera
1481431642026570081,25855,1468242488481000000,/camera
1481431642057378053,25856,1468242488514000000,/camera
1481431642102535009,25857,1468242488547000000,/camera
1481431642129070997,25858,1468242488581000000,/camera
1481431642156425952,25859,1468242488614000000,/camera
1481431642188000917,25860,1468242488647000000,/camera
1481431642221451997,25861,1468242488681000000,/camera
1481431642260413885,25862,1468242488714000000,/camera
1481431642295291900,25863,1468242488747000000,/camera
1481431642324137926,25864,1468242488781000000,/camera
1481431642354871034,25865,1468242488814000000,/camera
1481431642389439105,25866,1468242488847000000,/camera
1481431642430005073,25867,1468242488880000000,/camera
1481431642460724115,25868,1468242488914000000,/camera
1481431642493343114,25869,1468242488947000000,/camera
1481431642524214029,25870,1468242488980000000,/camera
1481431642557521104,25871,1468242489014000000,/camera
1481431642587224006,25872,1468242489047000000,/camera
1481431642625364065,25873,1468242489080000000,/camera
1481431642654176950,25874,1468242489114000000,/camera
1481431642686553955,25875,1468242489147000000,/camera
1481431642719573974,25876,1468242489180000000,/camera
1481431642758838891,25877,1468242489214000000,/camera
1481431642788767099,25878,1468242489247000000,/camera
1481431642821369886,25879,1468242489280000000,/camera
1481431642854100942,25880,1468242489314000000,/camera
1481431642886742115,25881,1468242489347000000,/camera
1481431642924709081,25882,1468242489380000000,/camera
1481431642956633090,25883,1468242489414000000,/camera
1481431642988542079,25884,1468242489447000000,/camera
1481431643025701045,25885,1468242489480000000,/camera
1481431643054455041,25886,1468242489514000000,/camera
1481431643091645002,25887,1468242489547000000,/camera
1481431643122225046,25888,1468242489580000000,/camera
1481431643156013011,25889,1468242489613000000,/camera
1481431643188328027,25890,1468242489647000000,/camera
1481431643223771095,25891,1468242489680000000,/camera
1481431643259128093,25892,1468242489713000000,/camera
1481431643293236970,25893,1468242489747000000,/camera
1481431643323204040,25894,1468242489780000000,/camera
1481431643354734897,25895,1468242489813000000,/camera
1481431643390079021,25896,1468242489847000000,/camera
1481431643422028064,25897,1468242489880000000,/camera
1481431643454641103,25898,1468242489913000000,/camera
1481431643493021011,25899,1468242489947000000,/camera
1481431643522790908,25900,1468242489980000000,/camera
1481431643555583953,25901,1468242490013000000,/camera
1481431643588139057,25902,1468242490047000000,/camera
1481431643620755910,25903,1468242490080000000,/camera
1481431643654067993,25904,1468242490113000000,/camera
1481431643687895059,25905,1468242490147000000,/camera
1481431643720470905,25906,1468242490180000000,/camera
1481431643759351968,25907,1468242490213000000,/camera
1481431643794276952,25908,1468242490247000000,/camera
1481431643821448087,25909,1468242490280000000,/camera
1481431643854536056,25910,1468242490313000000,/camera
1481431643889229059,25911,1468242490346000000,/camera
1481431643923532009,25912,1468242490380000000,/camera
1481431643956069946,25913,1468242490413000000,/camera
1481431643992357969,25914,1468242490446000000,/camera
1481431644022392034,25915,1468242490480000000,/camera
1481431644054919004,25916,1468242490513000000,/camera
1481431644094923019,25917,1468242490546000000,/camera
1481431644123028039,25918,1468242490580000000,/camera
1481431644154427051,25919,1468242490613000000,/camera
1481431644188858985,25920,1468242490646000000,/camera
1481431644219500064,25921,1468242490680000000,/camera
1481431644257580041,25922,1468242490713000000,/camera
1481431644288361072,25923,1468242490746000000,/camera
1481431644321079969,25924,1468242490780000000,/camera
1481431644354762077,25925,1468242490813000000,/camera
1481431644393425941,25926,1468242490846000000,/camera
1481431644427005052,25927,1468242490880000000,/camera
1481431644454451084,25928,1468242490913000000,/camera
1481431644495033025,25929,1468242490946000000,/camera
1481431644523049116,25930,1468242490980000000,/camera
1481431644554241895,25931,1468242491013000000,/camera
1481431644591815948,25932,1468242491046000000,/camera
1481431644621828079,25933,1468242491080000000,/camera
1481431644652415037,25934,1468242491113000000,/camera
1481431644690449953,25935,1468242491146000000,/camera
1481431644720490932,25936,1468242491179000000,/camera
1481431644764607906,25937,1468242491213000000,/camera
1481431644792797088,25938,1468242491246000000,/camera
1481431644820184946,25939,1468242491279000000,/camera
1481431644854370117,25940,1468242491313000000,/camera
1481431644891094923,25941,1468242491346000000,/camera
1481431644923907041,25942,1468242491379000000,/camera
1481431644954854965,25943,1468242491413000000,/camera
1481431644990128993,25944,1468242491446000000,/camera
1481431645027328014,25945,1468242491479000000,/camera
1481431645056058883,25946,1468242491513000000,/camera
1481431645094166994,25947,1468242491546000000,/camera
1481431645122093915,25948,1468242491579000000,/camera
1481431645154799938,25949,1468242491613000000,/camera
1481431645187896966,25950,1468242491646000000,/camera
1481431645223113059,25951,1468242491679000000,/camera
1481431645260988950,25952,1468242491713000000,/camera
1481431645296894073,25953,1468242491746000000,/camera
1481431645324779033,25954,1468242491779000000,/camera
1481431645354597091,25955,1468242491813000000,/camera
1481431645389492988,25956,1468242491846000000,/camera
1481431645430350065,25957,1468242491879000000,/camera
1481431645459497928,25958,1468242491912000000,/camera
1481431645493180036,25959,1468242491946000000,/camera
1481431645522871017,25960,1468242491979000000,/camera
1481431645558351039,25961,1468242492012000000,/camera
1481431645595762968,25962,1468242492046000000,/camera
1481431645627029895,25963,1468242492079000000,/camera
1481431645655041933,25964,1468242492112000000,/camera
1481431645687701940,25965,1468242492146000000,/camera
1481431645719923973,25966,1468242492179000000,/camera
1481431645757407903,25967,1468242492212000000,/camera
1481431645789484024,25968,1468242492246000000,/camera
1481431645820735931,25969,1468242492279000000,/camera
1481431645853919982,25970,1468242492312000000,/camera
1481431645888437032,25971,1468242492346000000,/camera
1481431645922527074,25972,1468242492379000000,/camera
1481431645952902078,25973,1468242492412000000,/camera
1481431645986665964,25974,1468242492446000000,/camera
1481431646019825935,25975,1468242492479000000,/camera
1481431646057311058,25976,1468242492512000000,/camera
1481431646093127965,25977,1468242492546000000,/camera
1481431646121222972,25978,1468242492579000000,/camera
1481431646154571056,25979,1468242492612000000,/camera
1481431646186783075,25980,1468242492645000000,/camera
1481431646219495058,25981,1468242492679000000,/camera
1481431646254220962,25982,1468242492712000000,/camera
1481431646293401956,25983,1468242492745000000,/camera
1481431646321607112,25984,1468242492779000000,/camera
1481431646355799913,25985,1468242492812000000,/camera
1481431646390831947,25986,1468242492845000000,/camera
1481431646421870946,25987,1468242492879000000,/camera
1481431646455056905,25988,1468242492912000000,/camera
1481431646486644029,25989,1468242492945000000,/camera
1481431646522171020,25990,1468242492979000000,/camera
1481431646557862043,25991,1468242493012000000,/camera
1481431646587584018,25992,1468242493045000000,/camera
1481431646620414018,25993,1468242493079000000,/camera
1481431646652465105,25994,1468242493112000000,/camera
1481431646685059070,25995,1468242493145000000,/camera
1481431646719551086,25996,1468242493179000000,/camera
1481431646753007888,25997,1468242493212000000,/camera
1481431646787147998,25998,1468242493245000000,/camera
1481431646818459033,25999,1468242493279000000,/camera
1481431646853739023,26000,1468242493312000000,/camera
1481431646886496067,26001,1468242493345000000,/camera
1481431646920825004,26002,1468242493378000000,/camera
1481431646953345060,26003,1468242493412000000,/camera
1481431646986982107,26004,1468242493445000000,/camera
1481431647017812013,26005,1468242493478000000,/camera
1481431647055532932,26006,1468242493512000000,/camera
1481431647090096950,26007,1468242493545000000,/camera
1481431647120968103,26008,1468242493578000000,/camera
1481431647153361082,26009,1468242493612000000,/camera
1481431647194366931,26010,1468242493645000000,/camera
1481431647224036931,26011,1468242493678000000,/camera
1481431647254992008,26012,1468242493712000000,/camera
1481431647286864042,26013,1468242493745000000,/camera
1481431647320519924,26014,1468242493778000000,/camera
1481431647352840900,26015,1468242493812000000,/camera
1481431647385006904,26016,1468242493845000000,/camera
1481431647419871091,26017,1468242493878000000,/camera
1481431647454530000,26018,1468242493912000000,/camera
1481431647485434055,26019,1468242493945000000,/camera
1481431647520298957,26020,1468242493978000000,/camera
1481431647552484989,26021,1468242494012000000,/camera
1481431647586443901,26022,1468242494045000000,/camera
1481431647619565963,26023,1468242494078000000,/camera
1481431647652760982,26024,1468242494112000000,/camera
1481431647685883045,26025,1468242494145000000,/camera
1481431647719685077,26026,1468242494178000000,/camera
1481431647757625102,26027,1468242494211000000,/camera
1481431647786348104,26028,1468242494245000000,/camera
1481431647821007013,26029,1468242494278000000,/camera
1481431647855777978,26030,1468242494311000000,/camera
1481431647888953924,26031,1468242494345000000,/camera
1481431647925513029,26032,1468242494378000000,/camera
1481431647953843116,26033,1468242494411000000,/camera
1481431647987386941,26034,1468242494445000000,/camera
1481431648020041942,26035,1468242494478000000,/camera
1481431648053718090,26036,1468242494511000000,/camera
1481431648088805913,26037,1468242494545000000,/camera
1481431648120685100,26038,1468242494578000000,/camera
1481431648153378009,26039,1468242494611000000,/camera
1481431648185766935,26040,1468242494645000000,/camera
1481431648220293045,26041,1468242494678000000,/camera
1481431648256406068,26042,1468242494711000000,/camera
1481431648292462110,26043,1468242494745000000,/camera
1481431648322845935,26044,1468242494778000000,/camera
1481431648354070901,26045,1468242494811000000,/camera
1481431648386370897,26046,1468242494845000000,/camera
1481431648424057006,26047,1468242494878000000,/camera
1481431648455354928,26048,1468242494911000000,/camera
1481431648485893011,26049,1468242494944000000,/camera
1481431648519213914,26050,1468242494978000000,/camera
1481431648552131891,26051,1468242495011000000,/camera
1481431648589015960,26052,1468242495044000000,/camera
1481431648618808031,26053,1468242495078000000,/camera
1481431648651314020,26054,1468242495111000000,/camera
1481431648684683084,26055,1468242495144000000,/camera
1481431648718513965,26056,1468242495178000000,/camera
1481431648758135080,26057,1468242495211000000,/camera
1481431648786014080,26058,1468242495244000000,/camera
1481431648819818019,26059,1468242495278000000,/camera
1481431648855458974,26060,1468242495311000000,/camera
1481431648886802911,26061,1468242495344000000,/camera
1481431648927711009,26062,1468242495378000000,/camera
1481431648955133914,26063,1468242495411000000,/camera
1481431648986450910,26064,1468242495444000000,/camera
1481431649025974035,26065,1468242495478000000,/camera
1481431649053807973,26066,1468242495511000000,/camera
1481431649092673063,26067,1468242495544000000,/camera
1481431649121002912,26068,1468242495578000000,/camera
1481431649151945114,26069,1468242495611000000,/camera
1481431649185889005,26070,1468242495644000000,/camera
1481431649220856904,26071,1468242495677000000,/camera
1481431649260135889,26072,1468242495711000000,/camera
1481431649287169933,26073,1468242495744000000,/camera
1481431649321305990,26074,1468242495777000000,/camera
1481431649352257966,26075,1468242495811000000,/camera
1481431649385139942,26076,1468242495844000000,/camera
1481431649425128936,26077,1468242495877000000,/camera
1481431649454796075,26078,1468242495911000000,/camera
1481431649486217975,26079,1468242495944000000,/camera
1481431649521910905,26080,1468242495977000000,/camera
1481431649552941083,26081,1468242496011000000,/camera
1481431649593455076,26082,1468242496044000000,/camera
1481431649623791933,26083,1468242496077000000,/camera
1481431649653966903,26084,1468242496111000000,/camera
1481431649685652971,26085,1468242496144000000,/camera
1481431649719532966,26086,1468242496177000000,/camera
1481431649760119915,26087,1468242496211000000,/camera
1481431649786820888,26088,1468242496244000000,/camera
1481431649821559906,26089,1468242496277000000,/camera
1481431649852034091,26090,1468242496311000000,/camera
1481431649886075019,26091,1468242496344000000,/camera
1481431649923027992,26092,1468242496377000000,/camera
1481431649952188014,26093,1468242496411000000,/camera
1481431649986490011,26094,1468242496444000000,/camera
1481431650021377086,26095,1468242496477000000,/camera
1481431650054552078,26096,1468242496510000000,/camera
1481431650087475061,26097,1468242496544000000,/camera
1481431650120157003,26098,1468242496577000000,/camera
1481431650152246952,26099,1468242496610000000,/camera
1481431650183676958,26100,1468242496644000000,/camera
1481431650222297906,26101,1468242496677000000,/camera
1481431650253283977,26102,1468242496710000000,/camera
1481431650284651994,26103,1468242496744000000,/camera
1481431650319940090,26104,1468242496777000000,/camera
1481431650350589990,26105,1468242496810000000,/camera
1481431650385337114,26106,1468242496844000000,/camera
1481431650420912027,26107,1468242496877000000,/camera
1481431650451437950,26108,1468242496910000000,/camera
1481431650483807086,26109,1468242496944000000,/camera
1481431650517990112,26110,1468242496977000000,/camera
1481431650551641941,26111,1468242497010000000,/camera
1481431650584897994,26112,1468242497044000000,/camera
1481431650626302003,26113,1468242497077000000,/camera
1481431650655056953,26114,1468242497110000000,/camera
1481431650687124013,26115,1468242497144000000,/camera
1481431650723457098,26116,1468242497177000000,/camera
1481431650753135919,26117,1468242497210000000,/camera
1481431650786186933,26118,1468242497243000000,/camera
1481431650822432994,26119,1468242497277000000,/camera
1481431650852941036,26120,1468242497310000000,/camera
1481431650885392904,26121,1468242497343000000,/camera
1481431650918868064,26122,1468242497377000000,/camera
1481431650950306892,26123,1468242497410000000,/camera
1481431650987616062,26124,1468242497443000000,/camera
1481431651020405054,26125,1468242497477000000,/camera
1481431651053281068,26126,1468242497510000000,/camera
1481431651093677043,26127,1468242497543000000,/camera
1481431651125216960,26128,1468242497577000000,/camera
1481431651155998945,26129,1468242497610000000,/camera
1481431651186234951,26130,1468242497643000000,/camera
1481431651218827962,26131,1468242497677000000,/camera
1481431651258001089,26132,1468242497710000000,/camera
1481431651285696029,26133,1468242497743000000,/camera
1481431651319746017,26134,1468242497777000000,/camera
1481431651351600885,26135,1468242497810000000,/camera
1481431651386014938,26136,1468242497843000000,/camera
1481431651422656059,26137,1468242497877000000,/camera
1481431651453659057,26138,1468242497910000000,/camera
1481431651486042976,26139,1468242497943000000,/camera
1481431651518529891,26140,1468242497976000000,/camera
1481431651551393032,26141,1468242498010000000,/camera
1481431651588272094,26142,1468242498043000000,/camera
1481431651618664979,26143,1468242498076000000,/camera
1481431651651827096,26144,1468242498110000000,/camera
1481431651682935953,26145,1468242498143000000,/camera
1481431651718426942,26146,1468242498176000000,/camera
1481431651756064891,26147,1468242498210000000,/camera
1481431651785262107,26148,1468242498243000000,/camera
1481431651816201925,26149,1468242498276000000,/camera
1481431651851865053,26150,1468242498310000000,/camera
1481431651884751081,26151,1468242498343000000,/camera
1481431651922336101,26152,1468242498376000000,/camera
1481431651955104112,26153,1468242498410000000,/camera
1481431651983947038,26154,1468242498443000000,/camera
1481431652022592067,26155,1468242498476000000,/camera
1481431652051207065,26156,1468242498510000000,/camera
1481431652088552951,26157,1468242498543000000,/camera
1481431652122963905,26158,1468242498576000000,/camera
1481431652154380083,26159,1468242498610000000,/camera
1481431652186037063,26160,1468242498643000000,/camera
1481431652217252016,26161,1468242498676000000,/camera
1481431652255831956,26162,1468242498709000000,/camera
1481431652285521984,26163,1468242498743000000,/camera
1481431652318459033,26164,1468242498776000000,/camera
1481431652351516962,26165,1468242498809000000,/camera
1481431652383449077,26166,1468242498843000000,/camera
1481431652421679019,26167,1468242498876000000,/camera
1481431652452734947,26168,1468242498909000000,/camera
1481431652483203887,26169,1468242498943000000,/camera
1481431652517153978,26170,1468242498976000000,/camera
1481431652550036907,26171,1468242499009000000,/camera
1481431652588418960,26172,1468242499043000000,/camera
1481431652617970943,26173,1468242499076000000,/camera
1481431652650300979,26174,1468242499109000000,/camera
1481431652685446977,26175,1468242499143000000,/camera
1481431652717636108,26176,1468242499176000000,/camera
1481431652753321886,26177,1468242499209000000,/camera
1481431652783718109,26178,1468242499243000000,/camera
1481431652817001104,26179,1468242499276000000,/camera
1481431652849611997,26180,1468242499309000000,/camera
1481431652883083105,26181,1468242499343000000,/camera
1481431652921602010,26182,1468242499376000000,/camera
1481431652951718091,26183,1468242499409000000,/camera
1481431652987536907,26184,1468242499443000000,/camera
1481431653018834114,26185,1468242499476000000,/camera
1481431653052102088,26186,1468242499509000000,/camera
1481431653087222099,26187,1468242499542000000,/camera
1481431653118128061,26188,1468242499576000000,/camera
1481431653149200916,26189,1468242499609000000,/camera
1481431653182754993,26190,1468242499642000000,/camera
1481431653219233036,26191,1468242499676000000,/camera
1481431653254091978,26192,1468242499709000000,/camera
1481431653285347938,26193,1468242499742000000,/camera
1481431653317270994,26194,1468242499776000000,/camera
1481431653352304935,26195,1468242499809000000,/camera
1481431653384104967,26196,1468242499842000000,/camera
1481431653422075033,26197,1468242499876000000,/camera
1481431653452749967,26198,1468242499909000000,/camera
1481431653483017921,26199,1468242499942000000,/camera
1481431653516737937,26200,1468242499976000000,/camera
1481431653550333976,26201,1468242500009000000,/camera
1481431653587582111,26202,1468242500042000000,/camera
1481431653617386102,26203,1468242500076000000,/camera
1481431653651141881,26204,1468242500109000000,/camera
1481431653683559894,26205,1468242500142000000,/camera
1481431653715699911,26206,1468242500176000000,/camera
1481431653757077932,26207,1468242500209000000,/camera
1481431653785474061,26208,1468242500242000000,/camera
1481431653815767049,26209,1468242500275000000,/camera
1481431653850081920,26210,1468242500309000000,/camera
1481431653883508920,26211,1468242500342000000,/camera
1481431653921371936,26212,1468242500375000000,/camera
1481431653951848983,26213,1468242500409000000,/camera
1481431653982199907,26214,1468242500442000000,/camera
1481431654017988920,26215,1468242500475000000,/camera
1481431654052632093,26216,1468242500509000000,/camera
1481431654095068931,26217,1468242500542000000,/camera
1481431654123169898,26218,1468242500575000000,/camera
1481431654151922941,26219,1468242500609000000,/camera
1481431654186158895,26220,1468242500642000000,/camera
1481431654217398881,26221,1468242500675000000,/camera
1481431654256340026,26222,1468242500709000000,/camera
1481431654286847114,26223,1468242500742000000,/camera
1481431654315872907,26224,1468242500775000000,/camera
1481431654351617097,26225,1468242500809000000,/camera
1481431654383642911,26226,1468242500842000000,/camera
1481431654420747995,26227,1468242500875000000,/camera
1481431654454138040,26228,1468242500909000000,/camera
1481431654483494997,26229,1468242500942000000,/camera
1481431654515650987,26230,1468242500975000000,/camera
1481431654552073001,26231,1468242501008000000,/camera
1481431654587019920,26232,1468242501042000000,/camera
1481431654618568897,26233,1468242501075000000,/camera
1481431654655606031,26234,1468242501108000000,/camera
1481431654684329032,26235,1468242501142000000,/camera
1481431654717202901,26236,1468242501175000000,/camera
1481431654759001016,26237,1468242501208000000,/camera
1481431654784405946,26238,1468242501242000000,/camera
1481431654815612077,26239,1468242501275000000,/camera
1481431654853209972,26240,1468242501308000000,/camera
1481431654883435964,26241,1468242501342000000,/camera
1481431654916296958,26242,1468242501375000000,/camera
1481431654952414035,26243,1468242501408000000,/camera
1481431654982878923,26244,1468242501442000000,/camera
1481431655016413927,26245,1468242501475000000,/camera
1481431655054079055,26246,1468242501508000000,/camera
1481431655087426900,26247,1468242501542000000,/camera
1481431655119721889,26248,1468242501575000000,/camera
1481431655151774883,26249,1468242501608000000,/camera
1481431655185928106,26250,1468242501642000000,/camera
1481431655216778993,26251,1468242501675000000,/camera
1481431655254991054,26252,1468242501708000000,/camera
1481431655283318996,26253,1468242501741000000,/camera
1481431655321173906,26254,1468242501775000000,/camera
1481431655354216098,26255,1468242501808000000,/camera
1481431655384977102,26256,1468242501841000000,/camera
1481431655416064977,26257,1468242501875000000,/camera
1481431655455060005,26258,1468242501908000000,/camera
1481431655483481884,26259,1468242501941000000,/camera
1481431655516561031,26260,1468242501975000000,/camera
1481431655549833059,26261,1468242502008000000,/camera
1481431655587238073,26262,1468242502041000000,/camera
1481431655618874073,26263,1468242502075000000,/camera
1481431655655495882,26264,1468242502108000000,/camera
1481431655684720993,26265,1468242502141000000,/camera
1481431655716603994,26266,1468242502175000000,/camera
1481431655755451917,26267,1468242502208000000,/camera
1481431655784094095,26268,1468242502241000000,/camera
1481431655816781997,26269,1468242502275000000,/camera
1481431655848628997,26270,1468242502308000000,/camera
1481431655882142066,26271,1468242502341000000,/camera
1481431655918828964,26272,1468242502375000000,/camera
1481431655949790000,26273,1468242502408000000,/camera
1481431655982323884,26274,1468242502441000000,/camera
1481431656015961885,26275,1468242502475000000,/camera
1481431656049875974,26276,1468242502508000000,/camera
1481431656086968898,26277,1468242502541000000,/camera
1481431656115530014,26278,1468242502574000000,/camera
1481431656150458097,26279,1468242502608000000,/camera
1481431656181741952,26280,1468242502641000000,/camera
